2013-03-16-14:56:46 234.56 821.78 0.691213 14160.0
2013-03-16-14:56:47 234.56 821.78 1.09386 14040.0
2013-03-16-14:56:48 234.56 821.78 1.72691 14280.0
2013-03-16-14:56:49 234.56 821.78 2.79617 14280.0
2013-03-16-14:56:51 234.56 821.78 7.98586 14160.0
2013-03-16-14:56:52 234.56 821.78 11.301 14280.0
2013-03-16-14:56:53 234.56 821.78 15.1798 14040.0
2013-03-16-14:56:54 234.56 821.78 17.4682 13800.0
2013-03-16-14:56:55 234.56 821.78 18.5621 14400.0
2013-03-16-14:56:56 234.56 821.78 19.5285 13920.0
2013-03-16-14:56:58 234.56 821.78 21.6916 13200.0
2013-03-16-14:56:59 234.56 821.78 22.5438 14040.0
2013-03-16-14:57:00 234.56 821.78 22.3358 14160.0
2013-03-16-14:57:01 234.56 821.78 22.5908 14280.0
2013-03-16-14:57:02 234.56 821.78 22.819 14160.0
2013-03-16-14:57:03 234.56 821.78 23.6713 14280.0
2013-03-16-14:57:05 234.56 821.78 23.2351 14280.0
2013-03-16-14:57:06 234.56 821.78 23.2216 14160.0
2013-03-16-14:57:07 234.56 821.78 23.3022 13920.0
2013-03-16-14:57:08 234.56 821.78 22.5908 13920.0
2013-03-16-14:57:10 234.56 821.78 15.9605 13560.0
2013-03-16-14:57:11 234.56 821.78 12.8646 14160.0
2013-03-16-14:57:12 234.56 821.78 11.254 14400.0
2013-03-16-14:57:13 234.56 821.78 9.16025 14280.0
2013-03-16-14:57:14 234.56 821.78 7.43334 13200.0
2013-03-16-14:57:15 234.56 821.78 7.3886 14280.0
2013-03-16-14:57:16 234.56 821.78 11.2428 14280.0
2013-03-16-14:57:17 234.56 821.78 12.9809 14160.0
2013-03-16-14:57:19 234.56 821.78 16.352 11280.0
2013-03-16-14:57:20 234.56 821.78 18.5397 14160.0
2013-03-16-14:57:22 234.56 821.78 18.5151 13440.0
2013-03-16-14:57:23 234.56 821.78 16.3878 14160.0
2013-03-16-14:57:24 234.56 821.78 13.1308 14280.0
2013-03-16-14:57:25 234.56 821.78 11.2205 14280.0
2013-03-16-14:57:26 234.56 821.78 9.5629 14160.0
2013-03-16-14:57:27 234.56 821.78 9.14907 14280.0
2013-03-16-14:57:28 234.56 821.78 10.1848 13920.0
2013-03-16-14:57:29 234.56 821.78 11.6925 14280.0
2013-03-16-14:57:30 234.56 821.78 13.614 14280.0
2013-03-16-14:57:31 234.56 821.78 15.1441 14280.0
2013-03-16-14:57:32 234.56 821.78 18.5151 14160.0
2013-03-16-14:57:34 234.56 821.78 24.8568 13800.0
2013-03-16-14:57:35 234.56 821.78 24.8792 13800.0
2013-03-16-14:57:36 234.56 821.78 25.34 14280.0
2013-03-16-14:57:37 234.56 821.78 25.5816 14280.0
2013-03-16-14:57:38 234.56 821.78 24.6846 14160.0
2013-03-16-14:57:39 234.56 821.78 23.338 14280.0
2013-03-16-14:57:41 234.56 821.78 18.5039 14280.0
2013-03-16-14:57:42 234.56 821.78 16.0187 14160.0
2013-03-16-14:57:43 234.56 821.78 13.9943 14280.0
2013-03-16-14:57:44 234.56 821.78 11.9094 14160.0
2013-03-16-14:57:45 234.56 821.78 11.3927 13920.0
2013-03-16-14:57:47 234.56 821.78 10.31 13560.0
2013-03-16-14:57:49 234.56 821.78 13.567 13560.0
2013-03-16-14:57:51 234.56 821.78 16.7099 14280.0
2013-03-16-14:57:52 234.56 821.78 17.457 14160.0
2013-03-16-14:57:53 234.56 821.78 16.5489 14160.0
2013-03-16-14:57:54 234.56 821.78 14.8443 13560.0
2013-03-16-14:57:55 234.56 821.78 12.3479 14160.0
2013-03-16-14:57:56 234.56 821.78 10.2765 14280.0
2013-03-16-14:57:57 234.56 821.78 9.48237 13920.0
2013-03-16-14:57:59 234.56 821.78 9.92081 13920.0
2013-03-16-14:58:00 234.56 821.78 9.69041 14040.0
2013-03-16-14:58:01 234.56 821.78 10.0684 14040.0
2013-03-16-14:58:02 234.56 821.78 10.0349 14280.0
2013-03-16-14:58:03 234.56 821.78 9.57409 14280.0
2013-03-16-14:58:04 234.56 821.78 9.09091 14040.0
2013-03-16-14:58:05 234.56 821.78 10.2541 14160.0
2013-03-16-14:58:06 234.56 821.78 10.8737 14280.0
2013-03-16-14:58:07 234.56 821.78 16.4683 14160.0
2013-03-16-14:58:08 234.56 821.78 18.8618 14040.0
2013-03-16-14:58:09 234.56 821.78 21.7609 14160.0
2013-03-16-14:58:10 234.56 821.78 22.8883 13920.0
2013-03-16-14:58:12 234.56 821.78 21.7609 13320.0
2013-03-16-14:58:13 234.56 821.78 21.1279 14280.0
2013-03-16-14:58:14 234.56 821.78 19.7924 13680.0
2013-03-16-14:58:15 234.56 821.78 18.1483 14280.0
2013-03-16-14:58:16 234.56 821.78 16.3296 14040.0
2013-03-16-14:58:17 234.56 821.78 15.4326 14160.0
2013-03-16-14:58:18 234.56 821.78 15.1217 14160.0
2013-03-16-14:58:19 234.56 821.78 12.8892 14280.0
2013-03-16-14:58:20 234.56 821.78 11.4397 14160.0
2013-03-16-14:58:21 234.56 821.78 10.5762 14160.0
2013-03-16-14:58:22 234.56 821.78 13.3366 13800.0
2013-03-16-14:58:24 234.56 821.78 17.6293 14040.0
2013-03-16-14:58:25 234.56 821.78 19.7477 13800.0
2013-03-16-14:58:26 234.56 821.78 20.7364 14280.0
2013-03-16-14:58:27 234.56 821.78 21.7274 14280.0
2013-03-16-14:58:28 234.56 821.78 21.7721 14160.0
2013-03-16-14:58:29 234.56 821.78 21.3471 14280.0
2013-03-16-14:58:31 234.56 821.78 14.0748 14160.0
2013-03-16-14:58:32 234.56 821.78 11.3457 13680.0
2013-03-16-14:58:33 234.56 821.78 9.96555 14280.0
2013-03-16-14:58:34 234.56 821.78 8.94103 13440.0
2013-03-16-14:58:35 234.56 821.78 6.62804 13560.0
2013-03-16-14:58:36 234.56 821.78 3.60147 14040.0
2013-03-16-14:58:38 234.56 821.78 2.01324 13800.0
2013-03-16-14:58:39 234.56 821.78 2.03785 13920.0
2013-03-16-14:58:40 234.56 821.78 4.05109 13800.0
2013-03-16-14:58:41 234.56 821.78 3.7066 14280.0
2013-03-16-14:58:42 234.56 821.78 3.17645 14160.0
2013-03-16-14:58:43 234.56 821.78 4.45374 14280.0
2013-03-16-14:58:44 234.56 821.78 7.64137 14280.0
2013-03-16-14:58:45 234.56 821.78 11.7036 14160.0
2013-03-16-14:58:46 234.56 821.78 14.4774 14040.0
2013-03-16-14:58:47 234.56 821.78 19.5754 14040.0
2013-03-16-14:58:48 234.56 821.78 23.3961 14160.0
2013-03-16-14:58:49 234.56 821.78 25.0984 13800.0
2013-03-16-14:58:51 234.56 821.78 28.389 13920.0
2013-03-16-14:58:52 234.56 821.78 29.9078 14040.0
2013-03-16-14:58:53 234.56 821.78 30.8295 14040.0
2013-03-16-14:58:54 234.56 821.78 30.5655 13920.0
2013-03-16-14:58:55 234.56 821.78 29.5857 14160.0
2013-03-16-14:58:56 234.56 821.78 28.078 14160.0
2013-03-16-14:58:57 234.56 821.78 26.5144 14160.0
2013-03-16-14:58:58 234.56 821.78 25.2371 14280.0
2013-03-16-14:58:59 234.56 821.78 13.9585 14280.0
2013-03-16-14:59:00 234.56 821.78 9.32131 14160.0
2013-03-16-14:59:01 234.56 821.78 9.87384 14040.0
2013-03-16-14:59:03 234.56 821.78 9.73515 13800.0
2013-03-16-14:59:05 234.56 821.78 6.42224 14160.0
2013-03-16-14:59:07 234.56 821.78 17.4123 13080.0
2013-03-16-14:59:08 234.56 821.78 17.4928 14160.0
2013-03-16-14:59:09 234.56 821.78 16.9851 14160.0
2013-03-16-14:59:10 234.56 821.78 16.3296 14040.0
2013-03-16-14:59:11 234.56 821.78 16.7211 14280.0
2013-03-16-14:59:12 234.56 821.78 16.6853 14280.0
2013-03-16-14:59:14 234.56 821.78 16.9157 14160.0
2013-03-16-14:59:15 234.56 821.78 17.8485 11280.0
2013-03-16-14:59:17 234.56 821.78 18.5733 8640.0
2013-03-16-14:59:19 234.56 821.78 15.4885 7680.0
2013-03-16-14:59:20 234.56 821.78 11.4956 7320.0
2013-03-16-14:59:21 234.56 821.78 11.3122 13800.0
2013-03-16-14:59:22 234.56 821.78 10.6791 14160.0
2013-03-16-14:59:23 234.56 821.78 9.69041 14040.0
2013-03-16-14:59:24 234.56 821.78 9.02156 14160.0
2013-03-16-14:59:25 234.56 821.78 5.18969 14160.0
2013-03-16-14:59:26 234.56 821.78 7.96349 14280.0
2013-03-16-14:59:27 234.56 821.78 9.2296 14160.0
2013-03-16-14:59:28 234.56 821.78 9.21841 14160.0
2013-03-16-14:59:30 234.56 821.78 11.1735 14040.0
2013-03-16-14:59:31 234.56 821.78 11.1981 14160.0
2013-03-16-14:59:32 234.56 821.78 9.94318 14160.0
2013-03-16-14:59:33 234.56 821.78 8.23864 14280.0
2013-03-16-14:59:34 234.56 821.78 7.22754 14160.0
2013-03-16-14:59:35 234.56 821.78 5.44247 14160.0
2013-03-16-14:59:36 234.56 821.78 5.12035 14160.0
2013-03-16-14:59:37 234.56 821.78 5.18969 14280.0
2013-03-16-14:59:38 234.56 821.78 4.7423 14160.0
2013-03-16-14:59:39 234.56 821.78 4.23452 14160.0
2013-03-16-14:59:40 234.56 821.78 3.90122 13200.0
2013-03-16-14:59:41 234.56 821.78 4.69533 14040.0
